y1 = [,0,3,3,3,3,3,3,3,3,3]
x1 = [0,319.4 m,1.09,2.301,3.29,4.281,5.27,6.26,7.24,8.23,9.23]

y2 = [0,4,9,13,13,14,14,14,15,16,]
x2 = [0,66.7 m,109.6 m,206.7 m,1.176,3.028,2.098,3.958,4.909,5.855,6.83]

y3 = [0,4,9,23,14,19,23,23,24,25,26,27,]
x3=[0,49.1 m,76.1 m,102.2 m,138.1 m,432.3 m,1.314,2.176,3.025,3.862,4.682]

y4=[0,4,9,19,14,24,24,20,29,33,34,34,35,36]
x4=[0,39.5m,61.9m,81.7m,104m,120.3m,159.3m,327.7m,1.208,1826,2.741]

y5=[0,5,9,14,19,24,29,34,39,44,45]
x5=[0,33.3m,52.9m,69.2m,84.6m,100.6m,118.8m,143.3m,190.4m,530m,1.250]